0.27803681896328925
0.22402537333965303
0.2240333384871483
0.22385673397779465
0.22391137679219245
0.22398397437930107
0.22379644560217857
0.22403982120752336
0.2236542724609375
0.22378049961328506
0.22366950141787528
0.22358113231658935
0.2240656088411808
0.22401478859186172
0.22390148312449457
0.2237832701086998
0.2238766875267029
0.22407314427495004
0.22365176947712898
0.22373550656437874
0.2240866283416748
0.22394038062095642
0.22382937990427018
0.22379794860482216
0.2240620512187481
0.22377151750326157
0.2237451103210449
0.22411734850406648
0.2239489243388176
0.22380521745085716
0.22363825289607048
0.22397118120789528
0.22399158946871758
0.2240371881723404
0.2237534795999527
0.22435925425291062
0.22366783221960068
0.2235752352297306
0.22363148436546326
0.22381527993679046
0.22376776931881906
0.22413294518589974
0.2240180922806263
0.22384210618138314
0.22367604763507842
0.223847139108181
0.22358016953468324
0.22399940194487572
0.22369781279563905
0.2238587757766247
