0.17514226084053516
0.12425728435218335
0.12413219457268715
0.12413433610498906
0.1240248168438673
0.12406921359598637
0.12414902243316174
0.1241062066257
0.12407277043163777
0.12443763736486435
0.1241880604326725
0.124102389010787
0.12421084704101086
0.12415146661996841
0.12418871029317378
0.12414782809019088
0.12441400137245655
0.1241959874123335
0.1242745904892683
0.124279674705863
0.12414462516009808
0.12415827182233334
0.1241727194905281
0.12423353399634361
0.12431266157627106
0.12419515643417835
0.1241498425245285
0.12416497341692448
0.12421688762307168
0.1243415913850069
0.12433114619255066
0.12410097881555557
0.12424688847064971
0.12428474878072739
0.12413353256285191
0.12410588822066784
0.12425373858511447
0.12431996745467186
0.12423249183595181
0.12421032570898533
0.12409231338799
0.12418452264666557
0.12421968692243099
0.12426513161063195
0.12424528814554214
0.12419568825364113
0.12420184032022953
0.12425020368993282
0.12411992275714874
0.12419918558001518
