0.27973698396086694
0.23361138699650766
0.23355997685790061
0.23359631997346877
0.2335732046186924
0.23362713004350663
0.23360334037542343
0.2336387976050377
0.23358294578790664
0.23367306960821152
0.23359364618062972
0.23359528687000275
0.23359351167678832
0.2335992529153824
0.23356003143787385
0.23356390949487685
0.23361712279319763
0.23355260805487632
0.23356253623962403
0.23363959434628487
0.2335889681637287
0.23355165174007417
0.23358328030705452
0.2336131607711315
0.23355345078110695
0.23361154853105545
0.23356247342824935
0.2336049183011055
0.23357649976611136
0.23359503399133683
0.23355686620473862
0.2335841807961464
0.23355003020763399
0.23356732979416847
0.23364563234448432
0.23357859792113303
0.2336032179236412
0.23355121526122094
0.2336252671957016
0.23354696654081344
0.23356461797356606
0.23357482033967972
0.23357969537377357
0.2335574200630188
0.23358480127453804
0.23362698477506638
0.23357667838931084
0.23355267504453658
0.23361276242733
0.23359506690502166
