0.4985138387799263
0.4490940124034882
0.44904806517362594
0.4490654691934586
0.4490757496714592
0.4490564514756203
0.44904425995349884
0.44906250822544097
0.44907519273757934
0.4490879018425942
0.4491208277463913
0.4491126660466194
0.44907988386154174
0.44906720271110534
0.44908749408721926
0.4490547514677048
0.4491162645936012
0.44912150770425796
0.44904794931411746
0.4490650346159935
0.4490625761151314
0.4491188623070717
0.44907783830165865
0.4490845174908638
0.4491022827029228
0.4490885894060135
0.4491026078939438
0.4490958845257759
0.44907752511501314
0.44911747339963914
0.4490768338799477
0.4490723206400871
0.4490691035747528
0.44908277975320815
0.44906672011613846
0.44905144804716113
0.4490794053316116
0.44911863696575166
0.4491156038761139
0.44907279567718505
0.44906210205554964
0.44909020725488663
0.44910744643211364
0.44911186295747757
0.4490666621208191
0.4490755661725998
0.4491289067387581
0.44906740497350695
0.44908247826099396
0.44907734105587005
