0.46136333512067795
0.4035883844256401
0.4035661073565483
0.4036082139492035
0.40362583243846895
0.4036329047083855
0.40360240948200227
0.4036136865377426
0.4036168735861778
0.40360442806482316
0.40358327852487563
0.40363340253829955
0.4035772026896477
0.4036393708825111
0.4036428708910942
0.4036116656780243
0.40360113199949266
0.4036171047210693
0.40359473865032197
0.40360540058612826
0.4035917832970619
0.403585375225544
0.40358960918188097
0.4036051960349083
0.4036224810004234
0.40359786018133165
0.40359520256519316
0.4036056689500809
0.4035931746482849
0.4036474646925926
0.4035855743288994
0.40360380994081496
0.40362811917066577
0.4036152071833611
0.403587919986248
0.40355271191596986
0.4036323627471924
0.40358088366985323
0.40363228710889815
0.40357107610702514
0.40360515315532686
0.403619489467144
0.4036215108752251
0.4036071592926979
0.403645741713047
0.4035896751880646
0.4036402417063713
0.4036250928759575
0.4035991562604904
0.40358171631097794
