0.2203295518577099
0.1719791452407837
0.17225354312062263
0.17246276767253876
0.17266193457245826
0.17275758711099626
0.1719300434887409
0.1721894678413868
0.17269088784456252
0.1722958412528038
0.1725102779507637
0.1721958196043968
0.17222599046826362
0.17235492300987243
0.1724341722548008
0.17254487923979758
0.17207276582717895
0.17227966163158417
0.17263146191239356
0.17206830589175223
0.1724981514632702
0.1726633413553238
0.17235568746328353
0.1727528901517391
0.17242785948514938
0.1724321580529213
0.17285128485560416
0.17125309282541276
0.17198588868379594
0.1724971334517002
0.17300608990192412
0.1719402684211731
0.1719384356081486
0.17305769758820533
0.17226899002790452
0.17307185512781142
0.172135544860363
0.17184212849736213
0.1724307506144047
0.17268359766602517
0.17294098496437071
0.1725384655058384
0.1724696475505829
0.17227914363741875
0.1724027823626995
0.17257322933673858
0.17189464957118034
0.17270286637544632
0.17287780903577804
0.17221195199489595
